object Form2: TForm2
  Left = 0
  Top = 0
  Caption = 'Form2'
  ClientHeight = 480
  ClientWidth = 640
  FormFactor.Width = 320
  FormFactor.Height = 480
  FormFactor.Devices = [Desktop]
  DesignerMasterStyle = 0
  object Layout1: TLayout
    Position.X = 24.000000000000000000
    Position.Y = 160.000000000000000000
    Size.Width = 521.000000000000000000
    Size.Height = 57.000000000000000000
    Size.PlatformDefault = False
    TabOrder = 1
  end
end
